1 1.09543
2 1.02944
3 1.12088
4 0.877545
5 0.888395
6 0.862484
7 0.795804
8 0.794331
9 0.757011
10 0.720847
11 0.766375
12 0.683728
13 0.691442
14 0.698845
15 0.649408
16 0.644455
17 0.654083
18 0.625174
19 0.621882
20 0.601493
21 0.596918
22 0.597187
23 0.626863
24 0.581723
25 0.583201
26 0.628339
27 0.587062
28 0.567887
29 0.571409
30 0.564068
31 0.5727
32 0.560185
33 0.556089
34 0.550303
35 0.559443
36 0.558166
37 0.546304
38 0.54426
39 0.550026
40 0.549862
41 0.544338
42 0.538915
43 0.544723
44 0.538968
45 0.544553
46 0.536321
47 0.537824
48 0.538011
49 0.535361
50 0.532107
51 0.5314
52 0.535281
53 0.531354
54 0.531715
55 0.533359
56 0.537706
57 0.531027
58 0.532838
59 0.533572
60 0.532263
61 0.53042
62 0.535616
63 0.527928
64 0.528264
65 0.526912
66 0.526939
67 0.539955
68 0.527954
69 0.525308
70 0.530874
71 0.52486
72 0.525179
73 0.526172
74 0.525857
75 0.526574
76 0.529504
77 0.524068
78 0.525853
79 0.522252
80 0.524673
81 0.523986
82 0.522873
83 0.521506
84 0.52526
85 0.521311
86 0.520467
87 0.521187
88 0.520769
89 0.520311
90 0.51986
91 0.519674
92 0.522024
93 0.518254
94 0.522487
95 0.520124
96 0.518729
97 0.518506
98 0.51949
99 0.517651
100 0.518382
